產生一個640*480的畫布，置中在視窗中間
利用ml5.js來撰寫facemesh model功能
針對fachmesh內的編號為409,270,269,267,0,37,39,40,185,61,146,91,181,84,17,314,405,321,375,291
利用line指令畫線，把所有編號點都串接在一起
線條的顏色為紅色，粗細為15
請程式碼寫在sketch.js

---

要使用ml5.js，
請問在index.html檔案需要加入那些內容

---

利用line指令，再產生以下的陣列資料，依照陣列內的編號數字，做連線串接
76,77,90,180,85,16,315,404,320,307,306,408,304,303,302,11,72,73,74,184
在第二組的陣列內部充滿黃色顏色

---

在第一組陣列與第二組陣列中間充滿綠色顏色

利用line指令，再產生以下的陣列資料，依照陣列內的編號數字，做連線串接
243,190,56,28,27,29,30,247,130,25,110,24,23,22,26,112
在這組陣列內部充滿紫色

利用line指令，再產生以下的陣列資料，這是右眼，依照陣列內的編號數字，做連線串接
263,466,388,387,386,385,384,398,362,382,381,380,374,373,390,249
線條顏色為藍色，粗細為10

利用line指令，再產生以下的陣列資料，這是額頭，依照陣列內的編號數字，做連線串接
151,109,69,66,55,8,285,296,299,338
線條顏色為紅色，粗細為10，內部充滿粉紅色

---
我想在 p5.js + ml5.js 專案中 加入偵測手部動作，可以有抓取功能